haplotype	nomenclature	freq	structure	hap markers	3DL3	2DS2	2DL2	2DL3	2DP1	2DL1	3DP1	2DL4	3DL1	3DS1	2DL5	2DS3S5	2DS4	2DS1	3DL2	cA01-tA02	cB03-tA01	3DP1-2DL4
1	cA01~tA01	0.554		T	1	0	0	1	1	1	1	1	1	0	0	0	1	0	1	0	0	1
3/11	cA01~tB01	0.123		T	1	0	0	1	1	1	1	1	0	1	1	1	0	1	1	0	0	1
4	cB02~tA01	0.127	3DL3~2DS2~2DL2~3DP1~2DL4~3DL1~2DS4~3DL2	T	1	1	1	0	0	0	1	1	1	0	0	0	1	0	1	0	0	1
6/25	cB01~tA01	0.07		T	1	1	1	0	1	1	1	1	1	1	0	1	1	0	1	0	0	1
7/9	cB01~tB01	0.047		T	1	1	1	0	1	1	1	1	0	1	1	2	0	1	1	0	0	1
8/17	cB02~tB01	0.0237		T	1	1	1	0	0	0	1	1	0	1	1	1	0	1	1	0	0	1
12/18	cB04~tB03	0.0107		F	1	1	1	0	0	0	0	0	0	1	0	1	0	1	1	0	0	0
94	cA01~tA02	0.0000		T	1	0	0	1	1	1	1	1	1	0	0	0	0	0	0	1	0	1
95	cA03~tB02	0.0007		T	1	0	0	1	1	0	0	0	0	0	0	0	0	1	1	0	0	0
96/97	cB03~tA01_2DL3	0		T	1	0	0	1	1	1	1	1	0	1	1	1	1	0	1	0	1	1
98/99	cB03~tA01_2DL2	0		T	1	0	1	0	1	1	1	1	0	1	1	1	1	0	1	0	1	1
