haplotype	nomenclature	freq	structure	hap markers	3DL3	2DS2	2DL2	2DL3	2DP1	2DL1	3DP1	2DL4	3DL1	3DS1	2DL5B	2DL5A	2DS3S5	2DS4	2DS1	3DL2
1	cA01~tA01	0.5540		T	1	0	0	1	1	1	1	1	1	0	0	0	0	1	0	1
3/11	cA01~tB01	0.1230		T	1	0	0	1	1	1	1	1	0	1	0	1	1	0	1	1
4	cB02~tA01	0.1270	3DL3~2DS2~2DL2~3DP1~2DL4~3DL1~2DS4~3DL2	T	1	1	1	0	0	0	1	1	1	0	0	0	0	1	0	1
6/25	cB01~tA01	0.0700		T	1	1	1	0	1	1	1	1	1	0	1	0	1	1	0	1
7/9	cB01~tB01	0.0470		T	1	1	1	0	1	1	1	1	0	1	1	1	2	0	1	1
8/17	cB02~tB01	0.0237		T	1	1	1	0	0	0	1	1	0	1	0	1	1	0	1	1
12/18	cB04~tB03	0.0107		F	1	1	1	0	0	0	0	0	0	0	1	0	1	0	1	1
13	cB01~tB05	0.0074		F	1	1	1	0	1	1	2	2	1	1	1	0	1	1	0	1
14	cA01~tB04	0.0043		F	1	0	0	1	2	2	2	2	0	2	0	2	2	0	1	1
15	cB05~tB01	0.0037		F	1	1	0	0	1	1	1	1	0	1	0	1	1	0	1	1
16	cA01~tB05	0.0047		F	1	0	0	1	1	1	2	2	1	1	0	0	0	1	0	1
21	cB05~tA01	0.0017		F	1	1	0	0	1	1	1	1	1	0	0	0	0	1	0	1
23	cA01~tB06	0.0010		F	1	0	0	1	2	2	2	2	1	1	0	1	1	1	0	1
94	cA01~tA02	0.0000		T	1	0	0	1	1	1	1	1	1	0	0	0	0	0	0	0
95	cA03~tB02	0.0007		T	1	0	0	1	1	0	0	0	0	0	0	0	0	0	1	1
96/97	cB03~tA01_2DL3	0.0000		T	1	0	0	1	1	1	1	1	1	0	1	1	1	1	0	1
98/99	cB03~tA01_2DL2	0.0000		T	1	0	1	0	1	1	1	1	1	0	1	1	1	1	0	1
