haplotype	nomenclature	freq	3DL3	2DS2	2DL2	2DL3	2DP1	2DL1	3DP1	2DL4	3DL1	3DS1	2DL5	2DS3	2DS5	2DS4	2DS1	3DL2
1/43/47/48	cA01~tA01	55.40%	1	0	0	1	1	1	1	1	1	0	0	0	0	1	0	1
3/28/37/38	cA01~tB01_2DS5	10.90%	1	0	0	1	1	1	1	1	0	1	1	0	1	0	1	1
4	cB02~tA01	12.70%	1	1	1	0	0	0	1	1	1	0	0	0	0	1	0	1
6	cB01~tA01	6.90%	1	1	1	0	1	1	1	1	1	0	1	1	0	1	0	1
7/24	cB01~tB01_2DS5	2.60%	1	1	1	0	1	1	1	1	0	1	2	1	1	0	1	1
8/19	cB02~tB01	2.10%	1	1	1	0	0	0	1	1	0	1	1	0	1	0	1	1
9/36/41	cB01~tB01_2DS3	2.10%	1	1	1	0	1	1	1	1	0	1	2	2	0	0	1	1
11	cA01~tB01_2DS3	1.40%	1	0	0	1	1	1	1	1	0	1	1	1	0	0	1	1
12	cB04~tB03_2DS5	0.80%	1	1	1	0	0	0	0	0	0	0	1	0	1	0	1	1
13	cB01~tB05	0.74%	1	1	1	0	1	1	2	2	1	1	1	1	0	1	0	1
14	cA01~tB04	0.43%	1	0	0	1	2	2	2	2	0	2	2	1	1	0	1	1
15	cB05~tB01	0.37%	1	1	0	0	1	1	1	1	0	1	1	0	1	0	1	1
16	cA01~tB05	0.47%	1	0	0	1	1	1	2	2	1	1	0	0	0	1	0	1
17		0.27%	1	1	1	0	0	0	1	1	0	1	1	1	0	0	1	1
18	cB04~tB03_2DS3	0.27%	1	1	1	0	0	0	0	0	0	0	1	1	0	0	1	1
21	cB05~tA01	0.17%	1	1	0	0	1	1	1	1	1	0	0	0	0	1	0	1
23	cA01~tB06	0.10%	1	0	0	1	2	2	2	2	1	1	1	1	0	1	0	1
25		0.10%	1	1	1	0	1	1	1	1	1	0	1	0	0	1	0	1
30		0.07%	1	1	1	0	0	0	2	2	1	1	0	0	0	1	0	1
31		0.07%	1	0	1	0	1	1	1	1	1	0	1	0	1	1	0	1
33	cA03~tB02	0.07%	1	0	0	1	1	0	0	0	0	0	0	0	0	0	1	1
34		0.07%	1	0	0	1	0	1	0	0	0	0	0	0	0	0	0	1
35		0.03%	1	1	0	2	1	1	2	2	0	2	3	1	2	0	1	1
39		0.03%	1	1	1	0	1	1	2	2	1	1	1	0	1	1	0	1
40/45		0.03%	1	1	1	0	2	2	1	1	0	1	2	1	1	0	0	1
42		0.03%	1	1	2	0	0	0	2	2	1	1	1	0	1	1	0	1
44		0.03%	1	1	1	0	1	1	1	1	0	1	2	0	1	0	1	1
46		0.03%	1	0	1	0	1	1	1	1	0	1	1	1	1	0	1	1
50		0.03%	1	0	0	0	1	1	1	1	1	0	1	1	0	1	0	1
52		0.03%	1	0	0	0	1	1	1	1	1	0	1	0	1	1	0	1
53		0.03%	1	1	0	1	1	1	1	1	1	0	0	0	0	1	0	1
54		0.03%	1	0	1	0	0	0	1	1	0	1	1	0	1	0	1	1
55		0.03%	1	0	0	0	1	2	1	1	1	0	0	0	0	1	0	1
56		0.03%	1	1	1	0	0	0	0	1	0	1	1	0	1	0	1	1
59		0.03%	1	0	0	1	1	1	1	1	1	0	0	0	0	0	0	1
62		0.03%	1	0	0	1	0	1	1	1	1	0	0	0	0	1	0	1
65		0.03%	1	0	1	0	0	0	1	1	1	0	0	0	0	1	0	1
67		0.03%	1	1	0	0	0	0	1	1	1	0	0	0	0	1	0	1
68		0.03%	1	1	1	0	0	0	0	1	1	0	0	0	0	0	1	1
69		0.03%	1	1	1	0	0	0	0	0	0	0	1	0	0	0	1	1
70		0.03%	1	1	0	0	0	0	0	0	0	0	1	0	1	0	1	1
71		0.03%	1	0	0	1	1	0	0	0	1	0	0	0	0	0	0	0
98	cB03~tA01_2DS3	0.00%	1	0	0	1	1	1	1	1	1	0	1	1	0	1	0	1
99	cB03~tA01_2DS5	0.00%	1	0	0	1	1	1	1	1	1	0	1	0	1	1	0	1
