haplotype	nomenclature	freq	structure	3DL3	2DS2	2DL2	2DL3	2DP1	2DL1	3DP1	2DL4	3DL1	3DS1	2DL5	2DS3	2DS5	2DS4	2DS1	3DL2
1	cA01~tA01	0.5540		1	0	0	1	1	1	1	1	1	0	0	0	0	1	0	1
3	cA01~tB01_2DS5	0.1090		1	0	0	1	1	1	1	1	0	1	1	0	1	0	1	1
4	cB02~tA01	0.1270	3DL3~2DS2~2DL2~3DP1~2DL4~3DL1~2DS4~3DL2	1	1	1	0	0	0	1	1	1	0	0	0	0	1	0	1
6	cB01~tA01	0.0690		1	1	1	0	1	1	1	1	1	0	1	1	0	1	0	1
7/24	cB01~tB01_2DS5	0.0260		1	1	1	0	1	1	1	1	0	1	2	1	1	0	1	1
8/19	cB02~tB01_2DS5	0.0210		1	1	1	0	0	0	1	1	0	1	1	0	1	0	1	1
9	cB01~tB01_2DS3	0.0210		1	1	1	0	1	1	1	1	0	1	2	2	0	0	1	1
11	cA01~tB01_2DS3	0.0140	3DL3~2DL3~2DP1~2DS1~3DL2	1	0	0	1	1	1	1	1	0	1	1	1	0	0	1	1
12	cB04~tB03_2DS5	0.0080		1	1	1	0	0	0	0	0	0	0	1	0	1	0	1	1
13	cB01~tB05	0.0074		1	1	1	0	1	1	2	2	1	1	1	1	0	1	0	1
14	cA01~tB04	0.0043		1	0	0	1	2	2	2	2	0	2	2	1	1	0	1	1
15	cB05~tB01	0.0037		1	1	0	0	1	1	1	1	0	1	1	0	1	0	1	1
16		0.0047	cA01~tA01 with 3DP1~2DL4~3DS1 insertion	1	0	0	1	1	1	2	2	1	1	0	0	0	1	0	1
17	cB02~tB01_2DS3	0.0027		1	1	1	0	0	0	1	1	0	1	1	1	0	0	1	1
18	cB04~tB03_2DS3	0.0027		1	1	1	0	0	0	0	0	0	0	1	1	0	0	1	1
21	cB05~tA01	0.0017		1	1	0	0	1	1	1	1	1	0	0	0	0	1	0	1
22		0.0013	3DL3~2DL3~2DP1~2DS1	1	0	0	1	1	0	0	0	0	0	0	0	0	0	1	0
23	cA01~tB06	0.0010	cA01~tA01 with 2DP1~2DL1~3DP1~2DL4~3DS1~2DL5~2DS3 insert	1	0	0	1	2	2	2	2	1	1	1	1	0	1	0	1
25	cB01~tA01_wo/2DS3	0.0010		1	1	1	0	1	1	1	1	1	0	1	0	0	1	0	1
27	cA01~tA01 wo/2DL1	0.001		1	0	0	1	1	0	1	1	1	0	0	0	0	1	0	1
28	cA03~tB02	0.0000	3DL3~2DL3~2DP1~2DS1~3DL2	1	0	0	1	1	0	0	0	0	0	0	0	0	0	1	1
98	cB03~tA01_2DS3	0.0000		1	0	0	1	1	1	1	1	1	0	1	1	0	1	0	1
99	cB03~tA01_2DS5	0.0000		1	0	0	1	1	1	1	1	1	0	1	0	1	1	0	1
