haplotype	nomenclature	freq	structure	3DL3	2DS2	2DL2	2DL3	2DP1	2DL1	3DP1	2DL4	3DL1	3DS1	2DL5	2DS3	2DS5	2DS4	2DS1	3DL2	3DL3-2DS2	3DL3-2DL2	3DL3-2DL3	3DL3-2DP1	3DL3-2DL1	3DL3-3DP1	3DL3-2DL4	3DL3-3DL1	3DL3-3DS1	3DL3-2DL5	3DL3-2DS3	3DL3-2DS5	3DL3-2DS4	3DL3-2DS1	3DL3-3DL2	2DS2-2DL2	2DS2-2DL3	2DS2-2DP1	2DS2-2DL1	2DS2-3DP1	2DS2-2DL4	2DS2-3DL1	2DS2-3DS1	2DS2-2DL5	2DS2-2DS3	2DS2-2DS5	2DS2-2DS4	2DS2-2DS1	2DS2-3DL2	2DL2-2DL3	2DL2-2DP1	2DL2-2DL1	2DL2-3DP1	2DL2-2DL4	2DL2-3DL1	2DL2-3DS1	2DL2-2DL5	2DL2-2DS3	2DL2-2DS5	2DL2-2DS4	2DL2-2DS1	2DL2-3DL2	2DL3-2DP1	2DL3-2DL1	2DL3-3DP1	2DL3-2DL4	2DL3-3DL1	2DL3-3DS1	2DL3-2DL5	2DL3-2DS3	2DL3-2DS5	2DL3-2DS4	2DL3-2DS1	2DL3-3DL2	2DP1-2DL1	2DP1-3DP1	2DP1-2DL4	2DP1-3DL1	2DP1-3DS1	2DP1-2DL5	2DP1-2DS3	2DP1-2DS5	2DP1-2DS4	2DP1-2DS1	2DP1-3DL2	2DL1-3DP1	2DL1-2DL4	2DL1-3DL1	2DL1-3DS1	2DL1-2DL5	2DL1-2DS3	2DL1-2DS5	2DL1-2DS4	2DL1-2DS1	2DL1-3DL2	3DP1-2DL4	3DP1-3DL1	3DP1-3DS1	3DP1-2DL5	3DP1-2DS3	3DP1-2DS5	3DP1-2DS4	3DP1-2DS1	3DP1-3DL2	2DL4-3DL1	2DL4-3DS1	2DL4-2DL5	2DL4-2DS3	2DL4-2DS5	2DL4-2DS4	2DL4-2DS1	2DL4-3DL2	3DL1-3DS1	3DL1-2DL5	3DL1-2DS3	3DL1-2DS5	3DL1-2DS4	3DL1-2DS1	3DL1-3DL2	3DS1-2DL5	3DS1-2DS3	3DS1-2DS5	3DS1-2DS4	3DS1-2DS1	3DS1-3DL2	2DL5-2DS3	2DL5-2DS5	2DL5-2DS4	2DL5-2DS1	2DL5-3DL2	2DS3-2DS5	2DS3-2DS4	2DS3-2DS1	2DS3-3DL2	2DS5-2DS4	2DS5-2DS1	2DS5-3DL2	2DS4-2DS1	2DS4-3DL2	2DS1-3DL2	cA01	cB01	cB02	cB04	cB05	tA01	tB01	tB01_2DS3	tB01_2DS5	tB03_2DS3	tB03_2DS5	tB04	tB05	tB06
1	cA01~tA01	0.5540		1	0	0	1	1	1	1	1	1	0	0	0	0	1	0	1	0	0	1	1	1	1	1	1	0	0	0	0	1	0	1	0	0	0	0	0	0	0	0	0	0	0	0	0	0	0	0	0	0	0	0	0	0	0	0	0	0	0	1	1	1	1	1	0	0	0	0	1	0	1	1	1	1	1	0	0	0	0	1	0	1	1	1	1	0	0	0	0	1	0	1	1	1	0	0	0	0	1	0	1	1	0	0	0	0	1	0	1	0	0	0	0	1	0	1	0	0	0	0	0	0	0	0	0	0	0	0	0	0	0	0	0	0	0	1	0	1	0	0	0	0	1	0	0	0	0	0	0	0	0
3	cA01~tB01_2DS5	0.1090		1	0	0	1	1	1	1	1	0	1	1	0	1	0	1	1	0	0	1	1	1	1	1	0	1	1	0	1	0	1	1	0	0	0	0	0	0	0	0	0	0	0	0	0	0	0	0	0	0	0	0	0	0	0	0	0	0	0	1	1	1	1	0	1	1	0	1	0	1	1	1	1	1	0	1	1	0	1	0	1	1	1	1	0	1	1	0	1	0	1	1	1	0	1	1	0	1	0	1	1	0	1	1	0	1	0	1	1	0	0	0	0	0	0	0	1	0	1	0	1	1	0	1	0	1	1	0	0	0	0	0	1	1	0	0	1	1	0	0	0	0	0	0	0	1	0	0	0	0	0
4	cB02~tA01	0.1270	3DL3~2DS2~2DL2~3DP1~2DL4~3DL1~2DS4~3DL2	1	1	1	0	0	0	1	1	1	0	0	0	0	1	0	1	1	1	0	0	0	1	1	1	0	0	0	0	1	0	1	1	0	0	0	1	1	1	0	0	0	0	1	0	1	0	0	0	1	1	1	0	0	0	0	1	0	1	0	0	0	0	0	0	0	0	0	0	0	0	0	0	0	0	0	0	0	0	0	0	0	0	0	0	0	0	0	0	0	0	0	1	1	0	0	0	0	1	0	1	1	0	0	0	0	1	0	1	0	0	0	0	1	0	1	0	0	0	0	0	0	0	0	0	0	0	0	0	0	0	0	0	0	0	1	0	0	0	1	0	0	1	0	0	0	0	0	0	0	0
6	cB01~tA01	0.0690		1	1	1	0	1	1	1	1	1	0	1	1	0	1	0	1	1	1	0	1	1	1	1	1	0	1	1	0	1	0	1	1	0	1	1	1	1	1	0	1	1	0	1	0	1	0	1	1	1	1	1	0	1	1	0	1	0	1	0	0	0	0	0	0	0	0	0	0	0	0	1	1	1	1	0	1	1	0	1	0	1	1	1	1	0	1	1	0	1	0	1	1	1	0	1	1	0	1	0	1	1	0	1	1	0	1	0	1	0	1	1	0	1	0	1	0	0	0	0	0	0	1	0	1	0	1	0	1	0	1	0	0	0	0	1	0	0	1	0	0	0	1	0	0	0	0	0	0	0	0
7/24	cB01~tB01_2DS5	0.0260		1	1	1	0	1	1	1	1	0	1	2	1	1	0	1	1	1	1	0	1	1	1	1	0	1	1	1	1	0	1	1	1	0	1	1	1	1	0	1	1	1	1	0	1	1	0	1	1	1	1	0	1	1	1	1	0	1	1	0	0	0	0	0	0	0	0	0	0	0	0	1	1	1	0	1	1	1	1	0	1	1	1	1	0	1	1	1	1	0	1	1	1	0	1	1	1	1	0	1	1	0	1	1	1	1	0	1	1	0	0	0	0	0	0	0	1	1	1	0	1	1	1	1	0	1	1	1	0	1	1	0	1	1	0	0	1	0	1	0	0	0	0	0	0	1	0	0	0	0	0
8/19	cB02~tB01_2DS5	0.0210		1	1	1	0	0	0	1	1	0	1	1	0	1	0	1	1	1	1	0	0	0	1	1	0	1	1	0	1	0	1	1	1	0	0	0	1	1	0	1	1	0	1	0	1	1	0	0	0	1	1	0	1	1	0	1	0	1	1	0	0	0	0	0	0	0	0	0	0	0	0	0	0	0	0	0	0	0	0	0	0	0	0	0	0	0	0	0	0	0	0	0	1	0	1	1	0	1	0	1	1	0	1	1	0	1	0	1	1	0	0	0	0	0	0	0	1	0	1	0	1	1	0	1	0	1	1	0	0	0	0	0	1	1	0	0	1	0	0	1	0	0	0	0	0	1	0	0	0	0	0
9	cB01~tB01_2DS3	0.0210		1	1	1	0	1	1	1	1	0	1	2	2	0	0	1	1	1	1	0	1	1	1	1	0	1	1	1	0	0	1	1	1	0	1	1	1	1	0	1	1	1	0	0	1	1	0	1	1	1	1	0	1	1	1	0	0	1	1	0	0	0	0	0	0	0	0	0	0	0	0	1	1	1	0	1	1	1	0	0	1	1	1	1	0	1	1	1	0	0	1	1	1	0	1	1	1	0	0	1	1	0	1	1	1	0	0	1	1	0	0	0	0	0	0	0	1	1	0	0	1	1	1	0	0	1	1	0	0	1	1	0	0	0	0	0	1	0	1	0	0	0	0	0	1	0	0	0	0	0	0
11	cA01~tB01_2DS3	0.0140	3DL3~2DL3~2DP1~2DS1~3DL2	1	0	0	1	1	1	1	1	0	1	1	1	0	0	1	1	0	0	1	1	1	1	1	0	1	1	1	0	0	1	1	0	0	0	0	0	0	0	0	0	0	0	0	0	0	0	0	0	0	0	0	0	0	0	0	0	0	0	1	1	1	1	0	1	1	1	0	0	1	1	1	1	1	0	1	1	1	0	0	1	1	1	1	0	1	1	1	0	0	1	1	1	0	1	1	1	0	0	1	1	0	1	1	1	0	0	1	1	0	0	0	0	0	0	0	1	1	0	0	1	1	1	0	0	1	1	0	0	1	1	0	0	0	0	0	1	1	0	0	0	0	0	0	1	0	0	0	0	0	0
12	cB04~tB03_2DS5	0.0080		1	1	1	0	0	0	0	0	0	0	1	0	1	0	1	1	1	1	0	0	0	0	0	0	0	1	0	1	0	1	1	1	0	0	0	0	0	0	0	1	0	1	0	1	1	0	0	0	0	0	0	0	1	0	1	0	1	1	0	0	0	0	0	0	0	0	0	0	0	0	0	0	0	0	0	0	0	0	0	0	0	0	0	0	0	0	0	0	0	0	0	0	0	0	0	0	0	0	0	0	0	0	0	0	0	0	0	0	0	0	0	0	0	0	0	0	0	0	0	0	0	0	1	0	1	1	0	0	0	0	0	1	1	0	0	1	0	0	0	1	0	0	0	0	0	0	1	0	0	0
13	cB01~tB05	0.0074		1	1	1	0	1	1	2	2	1	1	1	1	0	1	0	1	1	1	0	1	1	1	1	1	1	1	1	0	1	0	1	1	0	1	1	1	1	1	1	1	1	0	1	0	1	0	1	1	1	1	1	1	1	1	0	1	0	1	0	0	0	0	0	0	0	0	0	0	0	0	1	1	1	1	1	1	1	0	1	0	1	1	1	1	1	1	1	0	1	0	1	1	1	1	1	1	0	1	0	1	1	1	1	1	0	1	0	1	1	1	1	0	1	0	1	1	1	0	1	0	1	1	0	1	0	1	0	1	0	1	0	0	0	0	1	0	0	1	0	0	0	0	0	0	0	0	0	0	1	0
14	cA01~tB04	0.0043		1	0	0	1	2	2	2	2	0	2	2	1	1	0	1	1	0	0	1	1	1	1	1	0	1	1	1	1	0	1	1	0	0	0	0	0	0	0	0	0	0	0	0	0	0	0	0	0	0	0	0	0	0	0	0	0	0	0	1	1	1	1	0	1	1	1	1	0	1	1	1	1	1	0	1	1	1	1	0	1	1	1	1	0	1	1	1	1	0	1	1	1	0	1	1	1	1	0	1	1	0	1	1	1	1	0	1	1	0	0	0	0	0	0	0	1	1	1	0	1	1	1	1	0	1	1	1	0	1	1	0	1	1	0	0	1	1	0	0	0	0	0	0	0	0	0	0	1	0	0
15	cB05~tB01	0.0037		1	1	0	0	1	1	1	1	0	1	1	0	1	0	1	1	1	0	0	1	1	1	1	0	1	1	0	1	0	1	1	0	0	1	1	1	1	0	1	1	0	1	0	1	1	0	0	0	0	0	0	0	0	0	0	0	0	0	0	0	0	0	0	0	0	0	0	0	0	0	1	1	1	0	1	1	0	1	0	1	1	1	1	0	1	1	0	1	0	1	1	1	0	1	1	0	1	0	1	1	0	1	1	0	1	0	1	1	0	0	0	0	0	0	0	1	0	1	0	1	1	0	1	0	1	1	0	0	0	0	0	1	1	0	0	1	0	0	0	0	1	0	1	0	0	0	0	0	0	0
16	cA01~tB05	0.0047	cA01~tA01 with 3DP1~2DL4~3DS1 insertion	1	0	0	1	1	1	2	2	1	1	0	0	0	1	0	1	0	0	1	1	1	1	1	1	1	0	0	0	1	0	1	0	0	0	0	0	0	0	0	0	0	0	0	0	0	0	0	0	0	0	0	0	0	0	0	0	0	0	1	1	1	1	1	1	0	0	0	1	0	1	1	1	1	1	1	0	0	0	1	0	1	1	1	1	1	0	0	0	1	0	1	1	1	1	0	0	0	1	0	1	1	1	0	0	0	1	0	1	1	0	0	0	1	0	1	0	0	0	1	0	1	0	0	0	0	0	0	0	0	0	0	0	0	0	1	0	0	0	0	0	0	0	0	0	0	0	0	0	0	0
17	cB02~tB01_2DS3	0.0027		1	1	1	0	0	0	1	1	0	1	1	1	0	0	1	1	1	1	0	0	0	1	1	0	1	1	1	0	0	1	1	1	0	0	0	1	1	0	1	1	1	0	0	1	1	0	0	0	1	1	0	1	1	1	0	0	1	1	0	0	0	0	0	0	0	0	0	0	0	0	0	0	0	0	0	0	0	0	0	0	0	0	0	0	0	0	0	0	0	0	0	1	0	1	1	1	0	0	1	1	0	1	1	1	0	0	1	1	0	0	0	0	0	0	0	1	1	0	0	1	1	1	0	0	1	1	0	0	1	1	0	0	0	0	0	1	0	0	1	0	0	0	0	1	0	0	0	0	0	0
18	cB04~tB03_2DS3	0.0027		1	1	1	0	0	0	0	0	0	0	1	1	0	0	1	1	1	1	0	0	0	0	0	0	0	1	1	0	0	1	1	1	0	0	0	0	0	0	0	1	1	0	0	1	1	0	0	0	0	0	0	0	1	1	0	0	1	1	0	0	0	0	0	0	0	0	0	0	0	0	0	0	0	0	0	0	0	0	0	0	0	0	0	0	0	0	0	0	0	0	0	0	0	0	0	0	0	0	0	0	0	0	0	0	0	0	0	0	0	0	0	0	0	0	0	0	0	0	0	0	0	1	0	0	1	1	0	0	1	1	0	0	0	0	0	1	0	0	0	1	0	0	0	0	0	1	0	0	0	0
21	cB05~tA01	0.0017		1	1	0	0	1	1	1	1	1	0	0	0	0	1	0	1	1	0	0	1	1	1	1	1	0	0	0	0	1	0	1	0	0	1	1	1	1	1	0	0	0	0	1	0	1	0	0	0	0	0	0	0	0	0	0	0	0	0	0	0	0	0	0	0	0	0	0	0	0	0	1	1	1	1	0	0	0	0	1	0	1	1	1	1	0	0	0	0	1	0	1	1	1	0	0	0	0	1	0	1	1	0	0	0	0	1	0	1	0	0	0	0	1	0	1	0	0	0	0	0	0	0	0	0	0	0	0	0	0	0	0	0	0	0	1	0	0	0	0	0	1	1	0	0	0	0	0	0	0	0
22		0.0013	3DL3~2DL3~2DP1~2DS1	1	0	0	1	1	0	0	0	0	0	0	0	0	0	1	0	0	0	1	1	0	0	0	0	0	0	0	0	0	1	0	0	0	0	0	0	0	0	0	0	0	0	0	0	0	0	0	0	0	0	0	0	0	0	0	0	0	0	1	0	0	0	0	0	0	0	0	0	1	0	0	0	0	0	0	0	0	0	0	1	0	0	0	0	0	0	0	0	0	0	0	0	0	0	0	0	0	0	0	0	0	0	0	0	0	0	0	0	0	0	0	0	0	0	0	0	0	0	0	0	0	0	0	0	0	0	0	0	0	0	0	0	0	0	0	0	0	0	0	0	0	0	0	0	0	0	0	0	0	0
23	cA01~tB06	0.0010	cA01~tA01 with 2DP1~2DL1~3DP1~2DL4~3DS1~2DL5~2DS3 insert	1	0	0	1	2	2	2	2	1	1	1	1	0	1	0	1	0	0	1	1	1	1	1	1	1	1	1	0	1	0	1	0	0	0	0	0	0	0	0	0	0	0	0	0	0	0	0	0	0	0	0	0	0	0	0	0	0	0	1	1	1	1	1	1	1	1	0	1	0	1	1	1	1	1	1	1	1	0	1	0	1	1	1	1	1	1	1	0	1	0	1	1	1	1	1	1	0	1	0	1	1	1	1	1	0	1	0	1	1	1	1	0	1	0	1	1	1	0	1	0	1	1	0	1	0	1	0	1	0	1	0	0	0	0	1	0	1	0	0	0	0	0	0	0	0	0	0	0	0	1
